2 -1 9 147.27126063099664 -45.84804883295388
2 0 10 143.82482280016774 28.60782765645716
2 1 11 208.126378644508 47.02554630597469
2 2 12 157.7810924467346 212.94664219384106
1 2 13 100.78634008988243 165.70062915287372
0 2 14 -9.042767028130093 178.47757026175674
-1 2 15 -130.03051359580277 185.7317869483296
-2 2 16 -206.87611235024525 140.59135966240638
-2 1 17 -190.8355828783798 120.92708128089912
-2 0 18 -143.03378982657964 7.93631599233526
-2 -1 19 -186.71664072658825 -69.01723811101336
-2 -2 20 -214.20159774558152 -153.9225740922549
-1 -2 21 -83.2567691207351 -149.77487449545293
0 -2 22 14.195236379861933 -152.32330425365677
1 -2 23 107.51869602894224 -150.79475808323784
2 -2 24 160.63537173606073 -171.37023059753378
3 -2 25 284.3104517026 -146.95253771748105
3 -1 26 234.61440818530687 -92.90033865631776
3 0 27 261.7005969989446 -28.617601113034045
3 1 28 244.52067343676455 106.02018895644382
3 2 29 292.43755072131967 202.14114143721275
3 3 30 295.35699789134924 256.4999695640503
2 3 31 135.09799349089232 273.26695524984785
1 3 32 112.11199166684922 261.6542029679261
0 3 33 28.977343939086026 275.23627243207653
-1 3 34 -120.74699556221172 254.72198541805406
-2 3 35 -148.02719312300536 248.76072684803515
-3 3 36 -253.72361935698453 259.8642128905749
-3 2 37 -298.8348903280278 194.46866669371036
-3 1 38 -275.81774745184794 96.85942731505293
-3 0 39 -247.2320877121428 17.46801381585267
-3 -1 40 -280.7647399453901 -67.20027631564733
-3 -2 41 -303.3606996365289 -140.14154066343343
-3 -3 42 -241.57077377685698 -285.1639124280679
-2 -3 43 -159.3623432220811 -291.5106250565136
-1 -3 44 -94.30702865562819 -271.9677003621713
0 -3 45 31.75457147407017 -246.44902943903733
1 -3 46 109.05605703283011 -228.54115499883784
2 -3 47 174.1703750318888 -274.0603716125388
3 -3 48 276.7374278976063 -256.20704394568907
4 -3 49 339.15324387829213 -232.2455616026777
4 -2 50 344.4265357877587 -203.11172231711578
4 -1 51 318.060736742732 -79.23957855056807
4 0 52 316.8956775961742 32.03731720240399
4 1 53 317.6029945048059 122.1949864734024
4 2 54 344.51392799152774 148.9721897254556
4 3 55 395.9897413515663 305.8976548130706
4 4 56 424.22717507129215 447.03385115030494
3 4 57 229.60860381810085 359.40909962143314
2 4 58 185.12541404579486 371.38737285968665
1 4 59 102.47016544627166 394.4140979260779
0 4 60 35.83760021644391 319.67047500406426
-1 4 61 -115.19444445212073 348.69394753260013
-2 4 62 -135.32401912163522 316.03489588408416
-3 4 63 -297.08473020800454 382.60749365759483
-4 4 64 -291.30398976388665 375.17486463845114
-4 3 65 -390.35669279362185 232.03585006291462
-4 2 66 -365.3554603027836 158.63425822903423
-4 1 67 -396.3114065814212 132.70446947202777
-4 0 68 -351.8618455844356 -25.556226159959557
-4 -1 69 -383.63394034316514 -132.16278834259066
-4 -2 70 -352.6548598729807 -221.03830001331283
-4 -3 71 -403.60736295577783 -237.79943535104974
-4 -4 72 -336.061247031024 -343.32333188258764
-3 -4 73 -303.2011926070673 -389.2377768094292
-2 -4 74 -182.8539747438545 -380.32200404270134
-1 -4 75 -106.84574948007764 -360.5833085393522
0 -4 76 -23.66443151939403 -366.4909917270662
1 -4 77 108.94651321514527 -391.4783446628154
2 -4 78 183.76940388569562 -329.80896656513613
3 -4 79 242.1645326089695 -322.65766888021045
4 -4 80 381.88805721469276 -287.65954923046553
5 -4 81 451.9141963398884 -276.0829521935252
5 -3 82 513.8047120011886 -230.50149670554424
5 -2 83 500.23107052652875 -134.66419412187886
5 -1 84 486.5534482547861 -15.946660450470617
5 0 85 457.1557608635923 -37.035382116838
5 1 86 464.06817739707503 169.45598734029835
5 2 87 526.60030810758 265.7518912082902
5 3 88 495.86301561999034 282.81675164503474
5 4 89 481.5593690403061 367.419182550037
5 5 90 527.9415365882311 467.4157976285236
4 5 91 389.807874722106 480.067131577922
3 5 92 319.58140942372194 453.1714249689237
2 5 93 185.37718025997535 477.5184263528538
1 5 94 93.3226596005479 484.6818312776271
0 5 95 11.814687275131993 411.5731378296542
-1 5 96 -9.26818810698164 512.0908916461243
-2 5 97 -114.4927458489645 518.2678126349007
-3 5 98 -191.6790474381064 524.7257971511245
-4 5 99 -308.81338483428635 529.2081901136655
-5 5 100 -393.6302378142261 491.2141110760404
-5 4 101 -397.8645539294637 410.08646158487335
-5 3 102 -411.66969357394515 312.610097371438
-5 2 103 -405.42444928267116 264.59746797230383
-5 1 104 -370.0115540012076 126.9449334619735
-5 0 105 -430.7549005595899 17.13430010148437
-5 -1 106 -404.3875764705434 -55.43731280754554
-5 -2 107 -386.7403203523638 -98.12779596929425
-5 -3 108 -417.0617322475056 -196.38630999001768
-5 -4 109 -432.99765222960167 -295.85919643433004
-5 -5 110 -379.9766553719994 -415.8507709531529
-4 -5 111 -300.99923608479673 -402.6619231419572
-3 -5 112 -255.25648323213056 -412.6037708663295
-2 -5 113 -143.47516447988673 -424.9443808988714
-1 -5 114 -37.98403815428559 -386.0121538093117
0 -5 115 -39.02373697287501 -416.4368343951745
1 -5 116 154.69894589206405 -398.8142816633327
2 -5 117 265.0416820401389 -385.6585700233654
3 -5 118 281.55135426414995 -445.54820890910565
4 -5 119 368.0440840169084 -395.04422003075877
5 -5 120 499.62906392991283 -386.88748833672287
6 -5 121 561.9524836630507 -445.7706794439915
6 -4 122 549.051748348029 -336.6946586458934
6 -3 123 553.0977989170397 -205.59754878241466
6 -2 124 625.1929636905637 -126.09259828149035
6 -1 125 608.7931909247495 -76.24301531461644
6 0 126 607.0279097612233 62.7182403542031
6 1 127 553.7701192650557 138.0364360332397
6 2 128 620.6174876770569 220.803566206251
6 3 129 588.6166405642898 357.910091238381
6 4 130 543.513802966732 362.60397859324115
6 5 131 556.2424564092527 467.7070128842863
6 6 132 619.2415646273979 608.1725340217578
5 6 133 472.7955839764614 627.687099417414
4 6 134 410.94128828436976 611.7272577634579
3 6 135 341.4183645289296 603.2199032381963
2 6 136 209.75450619448975 577.5894520134871
1 6 137 110.75601389352899 559.4078569777495
0 6 138 6.58772297468029 560.5259154402182
-1 6 139 -34.78130285304618 558.9191248063235
-2 6 140 -104.4889197903401 602.5230049430869
-3 6 141 -269.35140322777346 614.0862840308316
-4 6 142 -276.77076598886924 542.0926490207748
-5 6 143 -372.74372527989897 571.6805776306884
-6 6 144 -498.1938012325384 615.3452798168444
-6 5 145 -508.53396923268156 510.1874534652713
-6 4 146 -458.86751313568936 370.26184433137485
-6 3 147 -460.35211329111826 324.8876976884218
-6 2 148 -476.5080113738313 226.8568728026836
-6 1 149 -460.38585987941303 135.58938204139196
-6 0 150 -534.9822116318227 56.246806613888026
-6 -1 151 -539.7785736171431 -84.54052586751042
-6 -2 152 -452.17989705123415 -138.97741712036307
-6 -3 153 -474.55549091724765 -182.9301440617673
-6 -4 154 -487.8736969349295 -312.22726782844893
-6 -5 155 -533.1240108607682 -446.49885460194656
-6 -6 156 -480.10795476838695 -469.8870115777726
-5 -6 157 -382.24351033348717 -531.8614200015368
-4 -6 158 -279.97580639310456 -472.84928094444194
-3 -6 159 -207.647268079822 -493.35210757868924
-2 -6 160 -169.39963890717476 -532.0527900370033
-1 -6 161 -53.223627733385676 -511.46501683271
0 -6 162 35.27654708712422 -482.76187912607685
1 -6 163 171.1743077428648 -516.3281698814259
2 -6 164 189.44346809699448 -518.5678037606956
3 -6 165 288.62154606906154 -528.7880138653832
4 -6 166 416.6238341785512 -523.2694250385908
5 -6 167 523.010704443608 -535.5773732281805
6 -6 168 597.0969598422793 -516.9061867016952
7 -6 169 656.7574550491873 -474.87395711058184
7 -5 170 698.7937488698544 -421.2690010663381
7 -4 171 679.2292808629961 -314.32795088429583
7 -3 172 645.1241980723853 -180.20491349328225
7 -2 173 698.4551637401996 -135.34623176944189
7 -1 174 685.5812594949309 -80.95910978289368
7 0 175 661.886810127387 34.93275137289359
7 1 176 682.7089948412968 125.33687590985465
7 2 177 676.7573486302044 188.95546495467164
7 3 178 693.3296283235028 343.1192192249832
7 4 179 706.9213695217398 386.82161340877406
7 5 180 672.7932058693592 487.1363166816037
7 6 181 630.9605273576699 577.1058594125784
7 7 182 718.4452699695463 643.1542340072755
6 7 183 605.801859116535 649.0379576517789
5 7 184 502.50203376580833 639.6783218736418
4 7 185 361.1213234584182 697.3123732364436
3 7 186 295.0792226498459 719.193502584173
2 7 187 212.3929799265651 657.5269479387468
1 7 188 135.23987633794636 659.9354879227574
0 7 189 24.59460900896131 631.0412164598268
-1 7 190 -38.39194371887944 680.7774873214947
-2 7 191 -165.7065267896344 712.8984630511683
-3 7 192 -185.66048871401517 632.4516712908036
-4 7 193 -284.8886978678524 695.3716425733279
-5 7 194 -392.9529515550343 708.0219795693765
-6 7 195 -479.5945449591685 692.6717997342595
-7 7 196 -619.3525575545307 644.2845961421826
-7 6 197 -612.5963322550939 549.3986527496248
-7 5 198 -568.9715994234654 513.5946882520882
-7 4 199 -571.0073877834838 376.41647449539397
-7 3 200 -611.0717897243032 332.50276880945455
-7 2 201 -567.1140967920791 233.00449313337555
-7 1 202 -626.522651124468 159.5313153241549
-7 0 203 -567.0148627699418 43.359471597754286
-7 -1 204 -559.5295089145144 -70.56796585846207
-7 -2 205 -555.6021635300974 -131.1807803107132
-7 -3 206 -627.3810476462736 -224.66357950217275
-7 -4 207 -618.2108430361594 -295.470778031564
-7 -5 208 -568.2222116347359 -446.65292972778354
-7 -6 209 -609.4804487766503 -539.3093261667331
-7 -7 210 -587.5516122928792 -563.6856179944643
-6 -7 211 -518.6415080743558 -595.9933576680431
-5 -7 212 -368.27347202365735 -545.1968437671342
-4 -7 213 -297.5352568048622 -565.5158345318068
-3 -7 214 -216.70244712699488 -596.424219387193
-2 -7 215 -173.2134329209279 -553.6464518778511
-1 -7 216 -67.92561998764934 -548.6965051344828
0 -7 217 39.06062946490501 -560.4678141379125
1 -7 218 111.63080694837171 -580.3354977541093
2 -7 219 214.1762742011291 -570.2112673969871
3 -7 220 348.7016050021081 -594.5025778925873
4 -7 221 387.82221560512255 -568.445552339213
5 -7 222 507.70263156611026 -623.7491101976655
6 -7 223 571.0455927401412 -602.8179373681133
7 -7 224 643.4682519627765 -615.3951686287292
8 -7 225 802.6287257720139 -569.6314181510253
8 -6 226 732.2100608514811 -537.1637531151687
8 -5 227 747.0267925757254 -400.563150702657
8 -4 228 739.0700079842171 -308.7379222922526
8 -3 229 781.0100401037932 -231.78819696674412
8 -2 230 775.5726630436252 -92.08600883048442
8 -1 231 769.1170437589045 -21.669135347713933
8 0 232 741.7755221595341 78.48472333137046
8 1 233 746.5509103572225 156.99382793414458
8 2 234 775.9728974352803 266.53281044045207
8 3 235 798.2382036604514 318.3862728329481
8 4 236 759.4280122599121 363.94241534796913
8 5 237 744.4207880806732 515.3014007054363
8 6 238 744.7896759835681 570.707088826643
8 7 239 766.3636408037216 689.8388139271942
8 8 240 724.5939508171855 721.2411989268325
7 8 241 660.5370945927393 758.474713320595
6 8 242 590.5579056358122 741.6199341450706
5 8 243 505.969882573864 747.276532352165
4 8 244 365.2416933269825 758.4085976593046
3 8 245 357.36969531549545 737.5760297176264
2 8 246 235.08684944042872 805.0641509996125
1 8 247 126.07090249377347 791.0183834108002
0 8 248 27.832780192313674 746.2767703820216
-1 8 249 -58.10554868265659 725.5708441868607
-2 8 250 -92.12986990393766 784.0663933092695
-3 8 251 -218.40713824868294 770.8030171633483
-4 8 252 -339.7911893402851 731.9590339617051
-5 8 253 -406.2963873738016 801.5418686115172
-6 8 254 -532.5798590811872 785.1398992535883
-7 8 255 -554.6528800023551 723.8580538373876
-8 8 256 -685.8433575039579 765.1151049056157
-8 7 257 -696.2191107124169 656.2561810571316
-8 6 258 -689.3402551223354 557.1110550492123
-8 5 259 -685.6406799571654 491.92016935848153
-8 4 260 -669.9652560910666 447.2003271663542
-8 3 261 -653.0509849801986 284.9058175792264
-8 2 262 -665.9959994735702 253.9651308662926
-8 1 263 -655.1876271319327 94.27628846118684
-8 0 264 -711.6564647219298 86.39423967566833
-8 -1 265 -636.5024068273468 -14.65784483199539
-8 -2 266 -637.7352065293427 -164.34350636326167
-8 -3 267 -687.6388624776986 -183.60377256813575
-8 -4 268 -664.3775071144809 -356.5962282369282
-8 -5 269 -652.0009246188689 -367.37562492447506
-8 -6 270 -645.988865673954 -486.67138608849996
-8 -7 271 -712.9233729834923 -543.7729408674197
-8 -8 272 -675.4431444349531 -674.1636222508588
-7 -8 273 -614.1793648720792 -706.7976717074012
-6 -8 274 -485.4820216625175 -652.1108331750003
-5 -8 275 -375.22247125153837 -657.2804542896914
-4 -8 276 -309.3232553198295 -678.6615615681178
-3 -8 277 -229.66019663005116 -695.4458961797437
-2 -8 278 -160.0636596442642 -716.6144469589185
-1 -8 279 -40.99311802945569 -716.3430608666382
0 -8 280 0.5314907416230097 -667.8057693022566
1 -8 281 96.37163179556256 -681.401364415382
2 -8 282 258.81753821270695 -700.8738434975993
3 -8 283 300.41170284520496 -637.6435432622138
4 -8 284 398.72200590774554 -683.4192130592977
5 -8 285 537.8152341037802 -660.2963667826796
6 -8 286 579.6243938480986 -703.0073854337911
7 -8 287 712.7833774723127 -674.6862405817104
8 -8 288 763.673984279096 -645.8260605139687
9 -8 289 890.0274822715822 -669.390825438015
9 -7 290 825.3621561615246 -557.111522972399
9 -6 291 827.5166301968558 -464.6392811406835
9 -5 292 864.5347846534876 -363.69912226286533
9 -4 293 899.9316981424004 -347.9127555416709
9 -3 294 848.962011823296 -186.23050190277263
9 -2 295 840.7448828873506 -172.59317643093374
9 -1 296 874.0767515012114 -16.665460606392784
9 0 297 839.3691488177299 34.65756504048304
9 1 298 845.5499567350844 114.20093179956723
9 2 299 889.9098332805395 186.33450139488613
9 3 300 894.9898455904598 294.5251145085887
9 4 301 849.7011358936023 383.1800027716621
9 5 302 890.2338641988463 518.8870956458835
9 6 303 859.0230231557366 619.1186901779266
9 7 304 879.4463608098255 657.9640085439968
9 8 305 848.1695239042198 797.6438713002233
9 9 306 892.541552660062 850.1185522608388
8 9 307 794.3772653380903 855.7409603770283
7 9 308 634.3205308921167 860.8755666610447
6 9 309 559.0234919795164 825.9744629684618
5 9 310 491.1426589088205 811.5821972862204
4 9 311 424.96568621252334 895.9685139436518
3 9 312 346.945889087604 862.9318618187275
2 9 313 244.9203373151414 867.1770817910741
1 9 314 144.98715514407306 872.479578430319
0 9 315 84.36624000712574 831.5683532195377
-1 9 316 -71.20687116490063 847.7858616581764
-2 9 317 -143.39184999909975 835.638935545075
-3 9 318 -250.5067184135764 898.3987574557395
-4 9 319 -316.6505169562813 826.0269488327729
-5 9 320 -363.04867353267065 840.5183122848343
-6 9 321 -528.6018611441674 849.9091564353346
-7 9 322 -591.0822488503126 847.8850178459656
-8 9 323 -665.0325740071146 896.3457211510694
-9 9 324 -764.2046824151012 891.1936076582488
-9 8 325 -766.56554066808 721.7773073069699
-9 7 326 -721.4589974495462 676.1557413428413
-9 6 327 -773.6187201761705 613.9826206820378
-9 5 328 -806.2779594739048 507.2199967830288
-9 4 329 -808.7306627838003 443.9706354926827
-9 3 330 -807.199663762342 299.9047621302636
-9 2 331 -765.8140965719269 214.5101521541116
-9 1 332 -757.6613325994203 179.70941819788425
-9 0 333 -729.2487057337253 27.290437301248808
-9 -1 334 -731.9962562804346 -40.358490884243466
-9 -2 335 -747.5112240165693 -141.93985288608206
-9 -3 336 -722.0146793084893 -228.46772560628767
-9 -4 337 -806.2656922695223 -329.49219470646716
-9 -5 338 -729.2427802568304 -371.4897408331816
-9 -6 339 -754.498716067641 -524.874424540978
-9 -7 340 -762.0247913653599 -552.7375247797704
-9 -8 341 -744.3843041939197 -711.1608980937801
-9 -9 342 -754.2615871695898 -800.9652130567218
-8 -9 343 -681.0998362539702 -775.2102596955777
-7 -9 344 -623.565031338251 -782.2919444639584
-6 -9 345 -522.7894437070623 -760.6785610542877
-5 -9 346 -401.0506225253258 -778.2662356425963
-4 -9 347 -323.28310898122015 -735.046855409935
-3 -9 348 -222.87194721248613 -775.7773420598303
-2 -9 349 -111.02943542243932 -756.0914847704372
-1 -9 350 -64.91870912194052 -797.9478214608064
0 -9 351 83.01283895937271 -733.3716442771527
1 -9 352 123.14395562655982 -779.5067652097587
2 -9 353 228.05494546451078 -806.3929154781844
3 -9 354 290.12388613347866 -785.4458712853318
4 -9 355 360.09801090532255 -793.1268279169217
5 -9 356 495.8360900860446 -758.0007631239661
6 -9 357 591.261428342871 -760.5255986542369
7 -9 358 682.8524922247224 -724.1777432070046
8 -9 359 777.5511759616879 -782.5675870050004
9 -9 360 847.8911483009028 -754.1613496703447
10 -9 361 919.3249968519278 -791.2030717801221
10 -8 362 961.3254052559184 -689.9908205536598
10 -7 363 938.7991942856736 -561.3413713847376
10 -6 364 957.912732069976 -513.8838635994442
10 -5 365 900.5922592976228 -432.7293635222767
10 -4 366 963.0244832951631 -316.5137933468733
10 -3 367 924.5133684945217 -229.2179305561262
10 -2 368 986.4020870073953 -97.41136097058217
10 -1 369 914.5792315378943 -39.49679365416941
10 0 370 939.7717234419248 57.534642739509856
10 1 371 914.5806231407342 157.10020051211876
10 2 372 975.5187374079358 242.7637436828639
10 3 373 968.4203592590197 300.6584430176408
10 4 374 961.0546578471607 360.5250373676712
10 5 375 932.9073239216739 526.1570738004331
10 6 376 987.5038406180079 590.1461141615507
10 7 377 901.716593489303 656.5632029981126
10 8 378 911.8933762460599 773.5296295321106
10 9 379 941.813551308078 892.482914348722
10 10 380 989.1490800392274 913.8272995607708
9 10 381 837.7903120740532 908.097168244214
8 10 382 743.8819842397122 975.8133540242031
7 10 383 635.2756382468759 967.9641578396946
6 10 384 602.1939028157392 977.1142494955157
5 10 385 521.8549297919458 968.1857791397047
4 10 386 390.5373176261087 989.1486943298811
3 10 387 282.7747926578151 908.4143279747676
2 10 388 212.03390054511468 975.3918358040929
1 10 389 169.1069878250551 958.2165987858601
0 10 390 40.58771195848809 942.3996917415601
-1 10 391 -51.990392996789154 972.4160108691254
-2 10 392 -90.37682271452266 955.9146913496103
-3 10 393 -201.75146893551423 925.1994900545285
-4 10 394 -314.6653436513832 970.3204489639
-5 10 395 -440.76972233801774 952.0042711995934
-6 10 396 -486.0465068596082 964.7236849205369
-7 10 397 -551.5523803802723 971.4908517336346
-8 10 398 -691.2798672953282 953.0134105018806
-9 10 399 -729.5476709887851 977.2618095767034
-10 10 400 -835.0070024806805 918.3823475435215
-10 9 401 -899.7552672777571 890.4022583311497
-10 8 402 -868.7675446602838 724.992745370287
-10 7 403 -874.6923196308859 639.3961649709196
-10 6 404 -810.5326187411347 570.7285484225581
-10 5 405 -876.5870637981554 493.5138283222519
-10 4 406 -838.7165778012766 415.2981553167728
-10 3 407 -872.2091526501732 329.3693079325111
-10 2 408 -865.6337657900265 237.33674587596164
-10 1 409 -872.7204195564473 128.01259633881597
-10 0 410 -869.8104040071029 62.60440660495455
-10 -1 411 -863.3419063442259 -18.350113809753168
-10 -2 412 -874.4425551476257 -97.11387443315591
-10 -3 413 -858.4826355357802 -265.12376780913235
-10 -4 414 -810.6094782046204 -348.22811357852
-10 -5 415 -897.2626369205499 -384.8415054800642
-10 -6 416 -828.6075533536518 -510.8700667063609
-10 -7 417 -842.0874301030162 -588.7775889471117
-10 -8 418 -838.9633026245598 -699.2164610495332
-10 -9 419 -889.0932251167335 -754.023787636921
-10 -10 420 -836.3148918794716 -876.3386873752888
-9 -10 421 -793.8817162409653 -847.3558618579781
-8 -10 422 -714.4198965042153 -830.4865533600175
-7 -10 423 -569.0004829767325 -811.1131941029115
-6 -10 424 -529.0528917138184 -827.8290339570145
-5 -10 425 -361.09957883317037 -836.1486443096018
-4 -10 426 -327.49988887936786 -865.727606400947
-3 -10 427 -185.60704675764748 -822.6771867730926
-2 -10 428 -118.73741299938865 -810.6080467626049
-1 -10 429 -25.115649889567635 -821.5608664730303
0 -10 430 2.797581476380784 -895.4242757409185
1 -10 431 175.53972418410083 -836.214087247753
2 -10 432 254.684888400798 -893.5730688745147
3 -10 433 339.30994889713077 -878.8972443516283
4 -10 434 424.3899591487 -828.9212026422118
5 -10 435 500.1987021387301 -894.6881831503977
6 -10 436 597.5382145225601 -845.3468406977462
7 -10 437 655.8028869766192 -851.8799764597804
8 -10 438 734.0401909216769 -843.874642903266
9 -10 439 814.6235721962086 -888.9499446160038
10 -10 440 903.5069998502763 -811.0994358998202
11 -10 441 1044.6699684750763 -895.5789133833032
11 -9 442 991.9522578023646 -769.1458617056545
11 -8 443 992.4668692432036 -718.471071930016
11 -7 444 1038.8958098308563 -554.9018009628813
11 -6 445 1055.7263257976679 -471.9339042705874
11 -5 446 1067.6661455602828 -404.6910001071396
11 -4 447 1008.6572898469885 -328.3240480246083
11 -3 448 1061.9426029307465 -249.91560583353987
11 -2 449 1056.1622818396813 -124.54897702955552
11 -1 450 1048.3850834700102 -59.502074230664775
11 0 451 1012.0080702415139 22.164120067694935
11 1 452 1038.5681237303886 163.77592473015437
11 2 453 1016.4577184572441 193.06193634446933
11 3 454 1043.3678236127926 333.84616910422505
11 4 455 1060.814268904781 366.15426558055225
11 5 456 1059.4442847398295 476.3914829118247
11 6 457 1049.8517127408886 604.0980437011511
11 7 458 1010.5188138946348 691.9889000447959
11 8 459 1018.1967469543795 761.0038782752548
11 9 460 1015.7643319225406 865.9247971721666
11 10 461 1063.375311599976 920.7838327241682
11 11 462 1073.8090471950827 1067.3486268819088
10 11 463 946.4506586987877 1027.012635858649
9 11 464 883.5975865675781 1003.5627024098684
8 11 465 770.9552122362148 1005.6906046042409
7 11 466 662.6604243814628 1037.4427176203774
6 11 467 562.1562878160938 1037.7750174194139
5 11 468 489.2116141529806 1037.243445751104
4 11 469 441.59618213391025 997.887719475364
3 11 470 316.9264142733389 1008.366351840586
2 11 471 206.31000729956685 1049.2102654970097
1 11 472 90.24460144114295 1066.0505935721894
0 11 473 78.15003107218041 992.2438706876187
-1 11 474 -56.39814567307929 1066.3961821223631
-2 11 475 -133.76679398218772 1036.8400428580626
-3 11 476 -199.8892296791574 1050.6377970658145
-4 11 477 -305.321066752492 1042.6986905730698
-5 11 478 -426.1053161586345 1044.1600530337064
-6 11 479 -531.4830191839371 1003.3840794282463
-7 11 480 -584.4783655529106 1057.3797705560507
-8 11 481 -667.0790604954939 1032.8250108130892
-9 11 482 -758.2075740359344 990.318056284801
-10 11 483 -815.2396065795607 1001.244105163008
-11 11 484 -940.4940868881233 1036.4447727296078
-11 10 485 -989.1345457060643 969.5020793930614
-11 9 486 -962.2437622104973 894.2002613327501
-11 8 487 -945.6398586368464 806.9464414187074
-11 7 488 -905.1890802036056 706.4839040848543
-11 6 489 -911.0534725858613 568.020055241156
-11 5 490 -936.3246665706234 519.3464221656828
-11 4 491 -948.8905853021539 377.1134815639478
-11 3 492 -954.9317755849206 321.13254898754934
-11 2 493 -958.1382561278964 259.43609393650854
-11 1 494 -962.2854026630699 132.39297205901565
-11 0 495 -967.136219653046 78.03443808653591
-11 -1 496 -936.3935872629656 -34.98074783452436
-11 -2 497 -963.4754481379565 -166.49768056804
-11 -3 498 -969.8118065662692 -213.747382909184
-11 -4 499 -973.9681120214739 -296.59435606721235
-11 -5 500 -947.7062372176897 -360.5226332519017
-11 -6 501 -980.8421992016854 -497.01397598955924
-11 -7 502 -945.907999937674 -570.9681457093563
-11 -8 503 -940.851176168317 -632.6892890966813
-11 -9 504 -984.7063738606864 -729.3452383282165
-11 -10 505 -962.9636417656967 -892.2976172970292
-11 -11 506 -963.5723431329885 -927.3682902138856
-10 -11 507 -867.7100875768972 -917.9891168665445
-9 -11 508 -763.0866240539875 -906.4686624243003
-8 -11 509 -669.9976063033348 -925.7618261447502
-7 -11 510 -561.4808669628445 -986.8798532033921
-6 -11 511 -472.5619266335881 -900.5170756876835
-5 -11 512 -431.21270557182504 -974.2932828401235
-4 -11 513 -284.3044864490994 -901.33215001869
-3 -11 514 -189.13325229852038 -988.2590704550265
-2 -11 515 -163.612801345604 -976.923795627751
-1 -11 516 -51.35879937790036 -939.4963382982726
0 -11 517 56.29803777453448 -943.7896333864501
1 -11 518 140.68243791202565 -975.1108074503788
2 -11 519 231.9935595278261 -935.9836251813576
3 -11 520 325.70610161039315 -909.5366331735448
4 -11 521 445.77028234277964 -908.0014898674236
5 -11 522 522.9031407229252 -981.869899949293
6 -11 523 551.0918807675258 -968.0401843807246
7 -11 524 655.4516494718004 -917.4389594821974
8 -11 525 732.61762951845 -972.7920219084874
9 -11 526 867.0079933893119 -909.5719542160831
10 -11 527 954.4550604188273 -924.7680086751564
11 -11 528 999.0327598927205 -946.5746991245884
12 -11 529 1130.356581030695 -958.9164328547098
12 -10 530 1121.4261862912556 -888.9222255575783
12 -9 531 1141.2302579600535 -807.0117688130284
12 -8 532 1160.129403263287 -712.5951384909397
12 -7 533 1158.5478264805488 -615.9353916351674
12 -6 534 1143.0919126997908 -526.3570493464953
12 -5 535 1087.0083867256235 -399.5536157733285
12 -4 536 1160.3124140394027 -283.57219403100663
12 -3 537 1146.154134281756 -243.42005830384184
12 -2 538 1164.5292204303798 -172.90251156389832
12 -1 539 1158.5348656690892 -16.988287069993504
12 0 540 1086.568098773282 13.098798544395075
12 1 541 1101.4808982615891 90.5827806683047
12 2 542 1133.3495975865283 226.86495175856572
12 3 543 1100.569408102625 287.61428765904884
12 4 544 1117.1144785356091 440.979509359891
12 5 545 1135.4571264430044 533.395732958567
12 6 546 1091.5450712873524 620.9513358101375
12 7 547 1102.9026642767972 682.0792286910848
12 8 548 1114.141969601194 738.49758165611
12 9 549 1167.5146977567726 885.9363393183379
12 10 550 1094.4596629812052 908.8665510048213
12 11 551 1158.0375510929728 1035.8501042422636
12 12 552 1084.6113092874825 1085.4294520412554
11 12 553 995.8237060619913 1119.893399820805
10 12 554 901.822001367385 1133.529910613968
9 12 555 882.5430542962414 1107.8857717094882
8 12 556 772.7415516049277 1123.4023321536997
7 12 557 713.2076910315084 1143.4485313285286
6 12 558 569.9070542437263 1094.9306429100693
5 12 559 464.811622301993 1165.207146861757
4 12 560 443.13811381072605 1129.0627742975853
3 12 561 296.122778576899 1084.8731380918055
2 12 562 185.94051453497542 1088.968420075894
1 12 563 99.44821387607247 1151.1610013603106
0 12 564 46.03289549187565 1105.4718385550434
-1 12 565 -36.40978823637208 1089.2413037134781
-2 12 566 -140.11807671758837 1093.1041443355775
-3 12 567 -268.79308970153255 1082.5308745041898
-4 12 568 -324.14584591225724 1169.1898103152248
-5 12 569 -406.1463817661186 1167.196797788437
-6 12 570 -504.4503338015608 1117.356165080434
-7 12 571 -628.7801369231336 1128.2508992361543
-8 12 572 -700.1404803439682 1110.0377390846247
-9 12 573 -796.8596575814429 1098.1005503144543
-10 12 574 -862.9980111802644 1104.4007897335935
-11 12 575 -981.7979024747848 1134.05629079336
-12 12 576 -997.932116222429 1080.0293873608312
-12 11 577 -1015.4231077722839 1045.9941212901133
-12 10 578 -1008.5567745407327 954.6929584288168
-12 9 579 -1062.9230996833069 839.1300402004981
-12 8 580 -1019.1221528628399 736.556157795548
-12 7 581 -1030.6365600509318 659.6866428270508
-12 6 582 -1017.0685579883901 597.2955274012229
-12 5 583 -1028.2673345427381 503.11643990631507
-12 4 584 -991.9460169386969 410.75331664950875
-12 3 585 -1017.0412785689224 295.49373861504233
-12 2 586 -1036.3547490302813 245.9874857070173
-12 1 587 -1030.7059567122913 108.69673642484659
-12 0 588 -1062.9113036742765 41.86778266817558
-12 -1 589 -995.0918840351023 -70.92625137403726
-12 -2 590 -1068.0323286595476 -167.2785778220425
-12 -3 591 -1004.2098497143974 -262.57776934103964
-12 -4 592 -1008.5524881338717 -349.0521633269238
-12 -5 593 -1016.5522688111461 -374.69346100183384
-12 -6 594 -1010.8551941014101 -486.9994709938329
-12 -7 595 -1054.3972734801234 -580.999858445341
-12 -8 596 -1054.2944024844444 -700.3249743084658
-12 -9 597 -1021.4827091476145 -752.339763613296
-12 -10 598 -1031.2228445069811 -889.7545002312762
-12 -11 599 -1030.4230182343556 -973.2724670233814
-12 -12 600 -1064.916669408665 -1067.3413985030547
-11 -12 601 -910.6853348141316 -1019.0088165152666
-10 -12 602 -864.0985988171186 -1021.2784178639067
-9 -12 603 -800.8220170661948 -1005.7313651238836
-8 -12 604 -658.6112667578843 -1025.9872078072106
-7 -12 605 -544.9751737094724 -1065.7775563978544
-6 -12 606 -495.07956698633654 -1062.903850891195
-5 -12 607 -393.4246030867624 -1038.529154098671
-4 -12 608 -344.1254277036034 -1028.4627754156948
-3 -12 609 -260.14393774011046 -1008.1538536870974
-2 -12 610 -151.8605189785462 -1032.8029529852142
-1 -12 611 -36.9606249045362 -1050.5852373972457
0 -12 612 22.01795053466828 -1015.6791966529084
1 -12 613 146.0162465285815 -1064.3049878846077
2 -12 614 239.1661198992798 -994.9579098532853
3 -12 615 330.5304144667035 -1042.6064836512346
4 -12 616 363.7301884793617 -1017.9106171585238
5 -12 617 530.7619914660638 -1029.0716619409918
6 -12 618 557.9319874910439 -1046.2900310110003
7 -12 619 653.8660036654258 -1072.9832523186499
8 -12 620 757.0048323418952 -1072.8825073450885
9 -12 621 886.1534914282787 -1077.322213024867
10 -12 622 916.5940093340905 -1009.8770963077433
11 -12 623 1013.3468613976745 -1028.8654665747922
12 -12 624 1145.5115557050567 -1007.9755010106552
13 -11 625 1208.0729700864779 -909.6886399636903
13 -10 626 1240.2255749377227 -842.2234432823245
13 -9 627 1223.1438341659098 -790.7245524468776
13 -8 628 1240.1637555853797 -675.3307247392938
13 -7 629 1241.487211319491 -579.7688733174621
13 -6 630 1229.9004709167657 -488.19812784697183
13 -5 631 1239.0281330248185 -419.29304132501665
13 -4 632 1252.7502333031475 -279.5081657008391
13 -3 633 1241.2392824298743 -248.29692971396983
13 -2 634 1240.2175160689246 -160.54547262512276
13 -1 635 1173.0024812108084 -12.101569642010148
13 0 636 1215.492383355718 20.026661524115305
13 1 637 1249.0133744437396 135.54590012543642
13 2 638 1214.763047280209 263.5204100740212
13 3 639 1242.072200362607 346.7089179792904
13 4 640 1244.78684133291 427.21853788760063
13 5 641 1230.441314516311 496.47221523507915
13 6 642 1253.5301815833402 589.2805730082904
13 7 643 1230.8506307396237 661.7999523885339
13 8 644 1235.6198137507645 775.6524046594295
13 9 645 1190.6949582755399 886.8181918487521
13 10 646 1235.8416792925423 963.9564026489804
13 11 647 1201.4926450104379 1019.4646537114435
13 12 648 1231.9804837089705 1100.2864343260073
13 13 649 1255.7628000585412 1188.677184810322
12 13 650 1132.912094157399 1184.8419222918935
11 13 651 1031.1287882402928 1219.5834140107547
10 13 652 969.042610741981 1231.4073752958825
9 13 653 888.6685704631095 1236.507579973441
8 13 654 779.932025974678 1253.8185194651783
7 13 655 657.3078183613592 1210.026492029432
6 13 656 608.2471223654552 1209.753518749907
5 13 657 482.38969423689116 1184.7851973970212
4 13 658 420.05726326910735 1208.4474575388697
3 13 659 324.4555035521762 1259.3238085910666
2 13 660 208.91853404696087 1194.250566571729
1 13 661 133.733369209292 1247.7705803471272
0 13 662 25.185667021282423 1252.3354419223024
-1 13 663 -33.14254986051986 1185.9222811885068
-2 13 664 -177.4520203201294 1176.305730591574
-3 13 665 -215.07189625056958 1220.961430349349
-4 13 666 -349.095436392329 1249.9685799671818
-5 13 667 -413.826193950557 1224.850980300654
-6 13 668 -491.6243086989536 1197.1053709127855
-7 13 669 -547.8114735711596 1206.300569570419
-8 13 670 -674.5084946930335 1193.7100297729198
-9 13 671 -736.0063738379785 1195.1144452979195
-10 13 672 -849.2878710446797 1202.712911149847
-11 13 673 -923.4678902481859 1174.408675709318
-13 11 674 -1145.6459294604972 1018.6028040700253
-13 10 675 -1140.3784300237605 953.7690329803104
-13 9 676 -1138.1165782672765 844.6397674547544
-13 8 677 -1154.863623015855 727.1607228706581
-13 7 678 -1161.4158807151575 693.629150006973
-13 6 679 -1095.7738853193396 568.331883028192
-13 5 680 -1115.0500501531217 490.97286632900034
-13 4 681 -1097.8355496966226 427.18443598610736
-13 3 682 -1150.6487483238298 297.6657528883186
-13 2 683 -1094.2020076565518 202.28310583202236
-13 1 684 -1105.8459178850155 117.26310569604955
-13 0 685 -1169.4513972453296 81.40525584424525
-13 -1 686 -1143.1609046830554 -62.939683947127534
-13 -2 687 -1090.5891855972293 -90.97788157019617
-13 -3 688 -1113.109310690044 -232.94937202655802
-13 -4 689 -1097.4677050950368 -342.39742078444806
-13 -5 690 -1135.997605158713 -373.3570329658547
-13 -6 691 -1169.728056381839 -473.1720187937608
-13 -7 692 -1160.517667494525 -550.3995929984372
-13 -8 693 -1166.5006360925574 -708.9338768610562
-13 -9 694 -1169.3569984341307 -727.7992653699149
-13 -10 695 -1097.6689101986829 -889.2250455504594
-13 -11 696 -1142.5774692400537 -961.7757821233199
-13 -12 697 -1121.5069352830049 -1062.1088210926841
-13 -13 698 -1118.4901147177145 -1142.9604244453942
-12 -13 699 -1072.9444628275094 -1121.2937194781632
-11 -13 700 -949.1655103265683 -1082.2122233609255
-10 -13 701 -849.5943288555438 -1099.7577472820587
-9 -13 702 -773.5689787364438 -1106.5457882468309
-8 -13 703 -672.6826739247828 -1129.744321851692
-7 -13 704 -567.9628554589075 -1115.6525465031993
-6 -13 705 -498.67071802716475 -1120.7584143685876
-5 -13 706 -370.03372399106365 -1109.0825997681368
-4 -13 707 -311.4579320866971 -1116.9179664284998
-3 -13 708 -246.1396043520327 -1126.946583223824
-2 -13 709 -90.48721165792459 -1114.618147588673
-1 -13 710 -23.182496485739236 -1116.6867230137466
0 -13 711 68.46667055699518 -1151.427431918153
1 -13 712 160.67897483490924 -1165.6704687842525
2 -13 713 182.1073197743039 -1158.8753089529785
3 -13 714 331.7148726339965 -1140.4975200092679
4 -13 715 404.0997548519149 -1105.8178425085757
5 -13 716 460.8905367500052 -1147.120068774834
6 -13 717 565.7053134835352 -1167.0016580149013
7 -13 718 708.4010930527172 -1137.028629450501
8 -13 719 730.8536911870277 -1116.7223137180815
9 -13 720 850.9983166849436 -1091.777320038493
10 -13 721 907.3064482882108 -1168.7131764776734
14 -10 722 1290.0914570628656 -838.024127618934
14 -9 723 1337.824684256449 -725.6495282835563
14 -8 724 1265.920400543111 -654.4964343060861
14 -7 725 1299.5517616768955 -567.27391579004
14 -6 726 1260.587964221379 -509.40976397225654
14 -5 727 1314.2694085366309 -414.90210739200813
14 -4 728 1344.5234697690312 -354.04881685681073
14 -3 729 1270.912614352338 -185.00221735842848
14 -2 730 1263.7024749066693 -144.71836238875443
14 -1 731 1286.1037237566186 -25.78380862236591
14 0 732 1284.8568200850966 71.43578344367438
14 1 733 1278.252607931415 139.1471921124862
14 2 734 1338.9554244617686 242.1038235966997
14 3 735 1332.9410303400884 329.497870876093
14 4 736 1284.082818085202 360.4798228256885
14 5 737 1290.8012324260937 514.070539801004
14 6 738 1299.3990724800435 557.860331730013
14 7 739 1341.68661916884 655.0548541714838
14 8 740 1338.9839352964216 757.6235551724108
14 9 741 1283.082899016034 813.057948394156
14 10 742 1318.0495863487977 981.6111124546226
14 11 743 1326.420828680217 1079.9541553573915
14 12 744 1264.2506074402295 1160.5691692379362
14 13 745 1302.2271645304088 1225.5519731182067
14 14 746 1323.6263788305496 1260.0030135251782
13 14 747 1223.8883008399316 1337.0543720486062
12 14 748 1124.0802521399967 1311.5589289911231
11 14 749 1020.2014453416818 1277.329624399829
10 14 750 979.2315109299414 1307.869410777183
9 14 751 818.851107424209 1269.1133010475523
8 14 752 801.970250455386 1345.682645138906
7 14 753 696.4740278121615 1317.428139587151
6 14 754 600.1019595595646 1268.0443327199202
5 14 755 476.0635988467082 1331.7369615653674
4 14 756 426.0877194172132 1311.3097767137149
2 14 757 248.4025664386405 1290.6861005723576
1 14 758 161.701653500793 1260.5896578988522
0 14 759 42.46110037563844 1266.2445693427271
-1 14 760 -78.69297971490278 1325.3197699717887
-2 14 761 -172.32385551874643 1264.407794493403
-3 14 762 -223.19767025575038 1267.6280646046944
-4 14 763 -354.3961220093743 1269.9272210181587
-5 14 764 -439.0142634952065 1296.9338759917991
-6 14 765 -532.6862759293115 1284.241653129291
-7 14 766 -553.9298389365971 1281.039027594214
-8 14 767 -661.5943380427678 1277.9527246762198
-14 14 768 -1232.2569703835336 1332.0774854475987
-14 10 769 -1170.1477851437078 982.8144921380954
-14 9 770 -1228.8163507772501 823.5217548264808
-14 8 771 -1181.8227857892884 751.8169692140507
-14 7 772 -1217.3656228870727 695.6155388656674
-14 6 773 -1251.203181510493 629.3940543465944
-14 5 774 -1206.621600822095 455.17421446044193
-14 4 775 -1199.806781494066 417.98085168141495
-14 3 776 -1216.840192466289 344.66526296234906
-14 2 777 -1246.9487518566439 201.5322651763372
-14 1 778 -1203.6253856974217 177.5840099300857
-14 0 779 -1244.5394478301548 68.67076090112649
-14 -1 780 -1228.234161031534 -74.77465034791877
-14 -2 781 -1225.139066379052 -163.6082256660207
-14 -3 782 -1213.8059266083035 -215.39163352176791
-14 -4 783 -1246.1216150810296 -327.52718710424597
-14 -5 784 -1244.8953314714047 -367.06865899990237
-14 -6 785 -1190.2127785305024 -468.5391624053209
-14 -7 786 -1200.5681226884146 -623.555584713923
-14 -8 787 -1258.515846562935 -630.0965109752036
-14 -9 788 -1257.6381726128434 -776.8005472232288
-14 -10 789 -1186.4270619008355 -848.6566977255452
-14 -11 790 -1210.3795215729333 -900.2286174897396
-14 -12 791 -1255.5662761446883 -1059.4900235941957
-14 -13 792 -1206.240804307456 -1158.2573956894853
-14 -14 793 -1256.0109231608176 -1200.8756121804336
-13 -14 794 -1123.720125238738 -1243.4982196439187
-12 -14 795 -1042.7209849378157 -1207.2310352866657
-11 -14 796 -938.6269364267577 -1185.2693972052734
-10 -14 797 -868.0796531624111 -1230.6174088408457
-9 -14 798 -778.4632458478499 -1246.1630811472048
-8 -14 799 -698.9490657597522 -1174.895759431009
-7 -14 800 -613.4338394177009 -1243.859679819292
-6 -14 801 -536.7376383379763 -1258.8517263472959
-5 -14 802 -384.5636266466284 -1179.5134484705272
-4 -14 803 -296.6285755017161 -1199.907457657613
-3 -14 804 -197.04458175084753 -1183.578797424248
-2 -14 805 -117.29789453438516 -1178.5389030191784
-1 -14 806 -73.02113443657822 -1198.999150694463
0 -14 807 38.61675583526722 -1226.320430819845
1 -14 808 155.79729680000642 -1196.549367419552
2 -14 809 187.24414748648988 -1184.4424433026684
3 -14 810 346.10808796885925 -1193.9286711260522
4 -14 811 366.1084589049543 -1244.1679684029962
5 -14 812 450.9933423066212 -1245.2005851706733
6 -14 813 625.9952756024279 -1174.5962713430815
7 -14 814 674.2613525014501 -1201.4122929334383
8 -14 815 762.0798209057965 -1236.5379670080795
9 -14 816 847.2265289521783 -1212.8258357771454
14 -14 817 1330.3902304254957 -1248.0265835101081
15 -14 818 1397.486504686296 -1220.7117714328422
15 -9 819 1417.2366999612527 -730.0412436091221
15 -8 820 1371.7716996324039 -685.5869977765864
15 -7 821 1358.141635208819 -592.1201517154252
15 -6 822 1411.008454623187 -480.9304711989305
15 -5 823 1412.8309891474141 -387.92790814479656
15 -4 824 1377.9211343995294 -272.24567917769303
15 -3 825 1404.4138169788316 -213.61763206145653
15 -2 826 1356.8301225269647 -123.08659050933849
15 -1 827 1393.442175101867 -6.085133341087385
15 0 828 1433.1113781255121 86.93752033255052
15 1 829 1400.2093585849486 131.19600187066806
15 2 830 1438.965627673909 246.43449974389324
15 3 831 1388.7212690929732 271.24612664982436
15 4 832 1433.4884059602125 448.2718445777422
15 5 833 1415.587067121047 506.5605389647436
15 6 834 1407.4013653385782 557.8888942543252
15 7 835 1404.19442329313 635.5120555042713
15 8 836 1416.9556572267222 795.1693228049427
15 9 837 1398.2162844163208 887.25968633486
15 10 838 1377.2310621899576 906.0179625017978
15 11 839 1428.7402396878101 1020.8826917583223
15 12 840 1362.329978766518 1108.702149205974
15 13 841 1416.118198278532 1234.1566259151718
15 14 842 1358.8032275325613 1292.9961712080167
15 15 843 1381.93744997286 1357.8201162256123
14 15 844 1295.4265336591554 1421.0226841605831
13 15 845 1207.3212314839259 1407.926698342516
12 15 846 1139.047711659854 1404.0548075451297
11 15 847 1049.2143635666705 1400.326485100912
10 15 848 973.6935323977503 1406.0258761534867
9 15 849 861.3521588188017 1352.0172239039239
8 15 850 738.8315084342013 1430.7520378082731
7 15 851 665.8319869550118 1398.2211742667205
6 15 852 622.5613319618659 1372.320269423531
5 15 853 502.4258286197843 1389.7061976197683
4 15 854 388.0376759420527 1381.244787866972
3 15 855 355.3125706673315 1423.7360879902437
2 15 856 245.25540341000158 1411.4348245925544
-3 15 857 -218.58561805411037 1352.7878301903177
-4 15 858 -270.9230616542262 1358.0993189658707
-13 15 859 -1112.8190895245618 1438.3048374344287
-14 15 860 -1252.2638734991408 1438.737704059181
-15 15 861 -1266.564105438985 1388.5250529653738
-15 14 862 -1307.2671539011712 1337.3558670910766
-15 9 863 -1289.0751223424863 816.8469811271236
-15 8 864 -1282.6036386960807 769.6433148151119
-15 7 865 -1327.0860155738171 669.5588218687483
-15 6 866 -1349.2497184349093 624.5895156084988
-15 5 867 -1280.685242315171 523.60022098423
-15 4 868 -1334.4745350206438 391.07016635165274
-15 3 869 -1295.1385817654127 342.25069479232906
-15 2 870 -1323.5316110726844 186.472855703936
-15 1 871 -1341.395031011841 173.23416968542298
-15 0 872 -1291.5942621921533 64.32666513722234
-15 -1 873 -1345.2114031467115 -38.95705241386204
-15 -2 874 -1262.990256067455 -136.65512013183604
-15 -3 875 -1332.6801039593709 -255.2362357446736
-15 -4 876 -1278.8725591079447 -275.7845670829972
-15 -5 877 -1335.461812648072 -377.6159652620575
-15 -6 878 -1312.0917956929152 -526.0888564113353
-15 -7 879 -1333.3118404589839 -582.5901021443822
-15 -8 880 -1277.7917909272587 -682.0735147298711
-15 -9 881 -1334.2136012283956 -727.4563307976679
-15 -10 882 -1261.4429996356375 -869.4549708757277
-15 -11 883 -1343.5947144052307 -981.8531621477318
-15 -12 884 -1302.6594900761725 -1017.9986817716581
-15 -13 885 -1263.7008694831193 -1099.7442281931355
-15 -14 886 -1323.2134223493374 -1220.7766749358086
-15 -15 887 -1332.2397122155808 -1345.9792265762787
-14 -15 888 -1201.1669471719526 -1346.2736863311106
-13 -15 889 -1135.8815790113918 -1346.3948064773138
-12 -15 890 -999.9847013099087 -1293.823727447068
-11 -15 891 -949.1160634192286 -1311.1902121771946
-10 -15 892 -881.8709925067564 -1297.8492282459529
-9 -15 893 -742.3129893608199 -1328.0214746739287
-8 -15 894 -708.3941399962857 -1262.3025711340308
-7 -15 895 -544.6234393810071 -1313.9044143908434
-6 -15 896 -488.7162009315341 -1313.575096835197
-5 -15 897 -439.5926897156034 -1312.5885197744888
-3 -15 898 -242.1945488749094 -1280.7556074772542
-2 -15 899 -100.184786121075 -1279.1058455046325
0 -15 900 52.275533352537536 -1292.7398219701834
1 -15 901 114.82586686371948 -1340.6161493186312
2 -15 902 204.19068510433195 -1314.6275305788924
3 -15 903 298.40708992848823 -1317.2920798053835
4 -15 904 403.74762178420946 -1342.3970059477142
5 -15 905 535.3741621578183 -1301.909392344337
13 -15 906 1215.4081553275635 -1323.0503014343299
14 -15 907 1316.3385697456329 -1343.1877296153723
15 -15 908 1427.3762465480484 -1311.9845773887414
16 -15 909 1471.0944361593713 -1286.8802502000024
16 -14 910 1498.0738848383419 -1238.197601176684
16 -13 911 1492.075755850356 -1161.382442413666
16 -8 912 1446.6649714927023 -664.4240393984894
16 -7 913 1493.9024276480727 -568.1266846602829
16 -6 914 1497.6927701914979 -480.4992885789603
16 -5 915 1492.8011453151764 -435.34770877943265
16 -4 916 1484.0770736482602 -317.8156214946804
16 -3 917 1452.9474427623588 -203.55423523598643
16 -2 918 1466.2240687085703 -113.62520441769874
16 -1 919 1489.6696746179086 -47.25095227183209
16 0 920 1442.5604738644734 77.2525927257248
16 1 921 1529.1938784642578 121.31196720726987
16 2 922 1454.5512863665906 184.0955669912613
16 3 923 1508.054052775408 309.8536386701698
16 4 924 1516.243289121594 403.11041598502715
16 5 925 1510.2491453364635 518.8504352765118
16 6 926 1460.8529475611072 543.542773091312
16 7 927 1454.8265561974774 690.9269536784847
16 8 928 1443.8801878477336 765.2799344915786
16 9 929 1478.0660144233022 830.2646346837679
16 10 930 1510.754967678778 946.3267147723343
16 11 931 1492.4943655282977 1036.3898763275165
16 12 932 1517.1114102000295 1102.7633998747829
16 13 933 1449.5809415737797 1246.7133177184517
16 14 934 1447.1564240889124 1263.7641628252875
14 16 935 1260.5644492070905 1503.902757333671
13 16 936 1245.6006252342067 1445.5318916433575
12 16 937 1091.8748895174886 1474.8278121463356
11 16 938 1014.296912342599 1524.4656940570783
10 16 939 933.7983498481159 1499.9214765360202
9 16 940 889.0092404081619 1485.295433197276
8 16 941 739.8595294112273 1495.614695501089
7 16 942 663.7056138003124 1489.1748008227253
6 16 943 569.9555710121126 1504.8664261266752
5 16 944 534.9490106092873 1459.006350073789
4 16 945 390.0477792214747 1524.9764419799549
3 16 946 275.80308367767776 1517.5280246894688
2 16 947 247.75546046446385 1504.5190014610434
-10 16 948 -837.7692016323258 1491.0808807611327
-11 16 949 -922.7724131840913 1523.2971674022872
-12 16 950 -998.1728268683228 1486.786934917249
-13 16 951 -1091.208736048368 1482.0609991816655
-14 16 952 -1175.7875220340102 1502.963523570483
-15 16 953 -1282.3817726918994 1449.7144082710392
-16 16 954 -1362.890585290165 1453.3729264935039
-16 15 955 -1396.4786761404996 1365.345364964501
-16 14 956 -1406.615063504152 1266.0090707763277
-16 13 957 -1414.8360452708205 1254.0265729910648
-16 8 958 -1372.3152555847332 748.7159003578273
-16 7 959 -1416.794905964479 701.6630229184188
-16 6 960 -1425.7700027845808 625.8760491009563
-16 5 961 -1351.0083800168313 468.31306338195134
-16 4 962 -1380.9662813279945 400.8355114418369
-16 3 963 -1436.9098280035148 316.3417040500772
-16 2 964 -1427.1565490440714 185.82758213569963
-16 1 965 -1385.824513959124 118.66613300145626
-16 0 966 -1438.8537710569062 63.10516899249594
-16 -1 967 -1439.7153639676062 -64.69417790743495
-16 -2 968 -1397.1685316247222 -169.07468463478733
-16 -3 969 -1398.9070512315316 -201.93733697718497
-16 -4 970 -1390.910078317055 -291.35837823727087
-16 -5 971 -1404.9590005437265 -406.66070859174334
-16 -6 972 -1384.9961582343062 -466.1495575379849
-16 -7 973 -1439.899162446779 -606.4926727433332
-16 -8 974 -1400.65987729712 -669.5160362007922
-16 -9 975 -1407.9425206214746 -753.534322472315
-16 -10 976 -1372.3226684857466 -818.2469212207337
-16 -11 977 -1379.1678921597977 -923.6798471098224
-16 -12 978 -1409.820778539663 -1074.0847991497485
-16 -13 979 -1366.4137331124462 -1154.5308728277016
-16 -14 980 -1381.9285930524393 -1234.023045678787
-14 -16 981 -1212.4418049853753 -1426.693689992176
-13 -16 982 -1133.7336148968266 -1420.6395666150006
-12 -16 983 -1070.6224510504392 -1357.0908030399457
-11 -16 984 -949.4579004749748 -1370.351850796444
-10 -16 985 -857.2359262046053 -1364.5528772414666
-9 -16 986 -739.6088852079014 -1437.7437178967893
-8 -16 987 -638.9746465154815 -1360.8009403037256
-7 -16 988 -626.1400234794634 -1410.969551944563
-6 -16 989 -493.9618813158496 -1409.957883030294
-5 -16 990 -427.49012920243564 -1378.629354927117
-4 -16 991 -352.14819122879584 -1415.6504032613043
-3 -16 992 -265.78494222627546 -1412.5904500267732
0 -16 993 63.06898304541817 -1352.852184986484
1 -16 994 136.66320134515945 -1361.2856787404162
11 -16 995 1071.874280754037 -1437.7749195313118
12 -16 996 1095.1264287126544 -1395.8293416555662
13 -16 997 1177.5763621561184 -1409.5606268353745
14 -16 998 1262.4253922084883 -1397.4403881374278
15 -16 999 1422.730528583213 -1416.7933997344758
16 -16 1000 1443.839607135894 -1410.6253658444414
17 -16 1001 1556.0443152913776 -1352.7958274757839
17 -15 1002 1563.0608393579691 -1346.6458078325754
17 -14 1003 1545.1531417321444 -1250.066893703055
17 -13 1004 1616.622443220772 -1148.722218945879
17 -12 1005 1607.5652830992813 -1044.0970135972314
17 -6 1006 1548.6933690700387 -475.8592976047312
17 -5 1007 1589.1836694019282 -360.66137487653737
17 -4 1008 1566.673412125601 -345.82345313614934
17 -3 1009 1606.2841375602331 -253.60567857157986
17 -2 1010 1582.738974671158 -169.45484619759213
17 -1 1011 1538.6682946141789 -29.197673846051657
17 0 1012 1538.6714520823361 69.72096434398107
17 1 1013 1588.222032773737 135.8325415577737
17 2 1014 1586.8192398187298 183.1835611320761
17 3 1015 1565.8242188378563 327.1629289152636
17 4 1016 1573.186813045023 419.2198667448721
17 5 1017 1548.0564938247614 473.91298624166586
17 6 1018 1607.1534773164003 602.7388356023299
17 7 1019 1614.1055239054458 692.4841471103202
17 8 1020 1560.867707453345 760.5805954712848
17 9 1021 1533.2522488303218 894.7955889442296
17 10 1022 1537.7009503920888 930.2805911795683
17 11 1023 1548.507474793943 1026.1176068477728
17 12 1024 1531.1889843436193 1081.296224366963
13 17 1025 1229.7003536101106 1537.2932294366503
12 17 1026 1082.011306012866 1595.2844045696718
11 17 1027 1062.2110051711077 1555.5442940352495
10 17 1028 973.3221438321746 1582.170931314472
9 17 1029 881.7282234600463 1586.3447100617873
8 17 1030 742.8694747115977 1600.4791183465256
7 17 1031 679.6479817385183 1548.2775494435768
6 17 1032 603.2334265641967 1563.4882878687224
5 17 1033 535.1117450350488 1536.8557195324672
4 17 1034 436.5513438580308 1601.8693637040553
3 17 1035 274.06064627335894 1613.3138900693395
2 17 1036 242.04225563738112 1535.7543801256572
1 17 1037 172.66042246757686 1591.4147409312802
0 17 1038 67.15820873722194 1572.417531579534
-1 17 1039 -52.501494352608276 1582.0757069173856
-2 17 1040 -164.44997022524444 1614.4178504063889
-3 17 1041 -216.8324037274846 1572.9760036406817
-4 17 1042 -322.2207665498702 1546.1885042724302
-5 17 1043 -392.37456321653127 1611.7196172347835
-6 17 1044 -469.9856099946618 1539.254846137437
-7 17 1045 -592.9416235632572 1616.6085726191345
-8 17 1046 -718.1805283039524 1567.5232153836441
-9 17 1047 -765.1232827389599 1538.6217112259963
-10 17 1048 -833.4267460307804 1604.4046889398073
-11 17 1049 -906.0672719745202 1611.7978050015672
-12 17 1050 -1012.9468996029406 1542.9227706709542
-13 17 1051 -1142.9223981751582 1546.8877966754121
-14 17 1052 -1255.7270379749675 1558.4012840419089
-15 17 1053 -1271.238500149928 1604.8694798657768
-16 17 1054 -1390.2153012974916 1590.8384649151426
-17 17 1055 -1440.4687369983042 1602.7089924134996
-17 16 1056 -1479.666626099595 1500.6455616925182
-17 15 1057 -1484.0067820774625 1433.6069287993457
-17 14 1058 -1480.9986430330227 1347.0629806056781
-17 13 1059 -1478.9160990454152 1177.8829803238832
-17 12 1060 -1506.857886623947 1160.683764066764
-17 6 1061 -1494.6517702994327 550.7881062608076
-17 5 1062 -1446.441124350926 463.24351489311806
-17 4 1063 -1524.3817356228792 398.9587041981426
-17 3 1064 -1492.9781275694272 335.5713646727609
-17 2 1065 -1441.592826372732 180.25283538609753
-17 1 1066 -1483.8354866590796 159.06083456040182
-17 0 1067 -1444.2147851382108 36.98317520044991
-17 -1 1068 -1499.7467614867003 -40.033831860960596
-17 -2 1069 -1479.7244468273832 -126.94339482334573
-17 -3 1070 -1529.9446896189881 -228.96157392591198
-17 -4 1071 -1497.4118821266636 -325.9225906497266
-17 -5 1072 -1513.6662357065184 -420.1063899267971
-17 -6 1073 -1459.4065962602192 -498.11278367187856
-17 -7 1074 -1471.7035902558896 -574.9944523788366
-17 -8 1075 -1478.755731378593 -704.4548547195745
-17 -9 1076 -1483.4756257198894 -750.3477943305378
-17 -10 1077 -1488.0707927967221 -842.8323391225053
-17 -11 1078 -1440.7877191658918 -928.6586467802485
-17 -12 1079 -1495.9215665876154 -1068.4738645747009
-14 -17 1080 -1174.002233008056 -1506.7667768742633
-13 -17 1081 -1118.8042816728246 -1477.6809204612591
-12 -17 1082 -1006.8450271998523 -1493.0064603356607
-11 -17 1083 -908.8608130680484 -1469.071360601981
-10 -17 1084 -885.9293040671705 -1456.7872727275083
-9 -17 1085 -760.8592199172981 -1464.8561919895617
-8 -17 1086 -660.2397240431203 -1529.9857388656933
-7 -17 1087 -565.9439493276111 -1516.4704635207615
-6 -17 1088 -463.48618269154326 -1469.8305478307702
-5 -17 1089 -423.17069474403655 -1524.2352288368918
-4 -17 1090 -293.276125337313 -1503.7446443643353
-3 -17 1091 -236.64544423376705 -1453.517622214271
-2 -17 1092 -153.76936621231295 -1495.0602009656093
-1 -17 1093 -71.75070804233971 -1498.3047736811782
0 -17 1094 23.2552564369408 -1515.5451645894361
1 -17 1095 137.7523857661687 -1521.693388068273
2 -17 1096 202.86173921278285 -1529.8687888833633
6 -17 1097 592.3568895669541 -1524.8257677186923
7 -17 1098 675.1745412502999 -1518.4056102999896
8 -17 1099 722.5442115394975 -1522.7227740788123
9 -17 1100 875.5023721515222 -1473.4028711561782
10 -17 1101 978.4886495584249 -1499.7918943827272
11 -17 1102 1020.1425589181665 -1450.115801329774
12 -17 1103 1135.7177605606353 -1455.2262007388865
13 -17 1104 1214.6501360244695 -1529.7575334110206
14 -17 1105 1319.861156937393 -1447.8749287377423
15 -17 1106 1439.5182477536941 -1505.226778739404
16 -17 1107 1469.7544831155365 -1453.3078865408318
17 -17 1108 1536.691641864743 -1504.4367110680203
18 -17 1109 1625.0324923074413 -1528.8143451617696
18 -16 1110 1627.2499828315365 -1404.8880692222044
18 -15 1111 1669.0438150363786 -1286.1819967943643
18 -14 1112 1691.0809460626674 -1185.543512177296
18 -13 1113 1635.189342814386 -1110.5178799711443
18 -12 1114 1702.0186802449118 -1013.4040315646348
18 -11 1115 1681.8835212166348 -989.0305889746178
18 -4 1116 1641.8059941948388 -283.0346291386709
18 -3 1117 1637.7500867872382 -219.68677685415759
18 -2 1118 1625.8176260952239 -160.74205746573466
18 -1 1119 1642.9811005569034 -55.12090821839547
18 0 1120 1704.6440327117436 4.787622577572051
18 1 1121 1701.8731799988948 172.7436347474414
18 2 1122 1645.1293381848573 259.20379581026987
18 3 1123 1623.8263381781383 284.91993171916175
18 4 1124 1646.4372063281037 378.67888273372745
18 5 1125 1663.5749391867732 533.3549217847021
18 6 1126 1678.0785083379267 556.778160584292
18 7 1127 1683.0484297455414 719.1873090423376
18 8 1128 1620.600176622874 750.1011329549549
18 9 1129 1624.0912660518256 846.4154369256888
12 18 1130 1098.0809804220294 1665.7954350206273
11 18 1131 1012.3898371081012 1685.284112571212
10 18 1132 934.8233699785195 1652.434269490107
9 18 1133 820.4459417386568 1655.5481839965237
8 18 1134 751.1557751816127 1642.0045052422745
7 18 1135 666.7417148748724 1708.7226757888166
6 18 1136 622.3960307225146 1698.9027080727626
5 18 1137 477.02731737174224 1626.9994427536485
4 18 1138 428.0662024285949 1647.9359024974506
3 18 1139 335.53573286097264 1632.630320593366
2 18 1140 249.25913158742054 1695.5625565093878
1 18 1141 157.2723057912096 1628.9258990678438
0 18 1142 83.15053676708526 1694.0186399767176
-1 18 1143 -66.81698574846911 1663.0768706437887
-2 18 1144 -142.44873742657626 1622.4171930911916
-3 18 1145 -269.9146717812418 1691.258499532295
-4 18 1146 -310.73661336969246 1645.1695843610898
-5 18 1147 -424.8541155471117 1641.0197197828713
-6 18 1148 -492.564411970553 1623.3989833629964
-7 18 1149 -605.8478795992797 1644.5619033089138
-8 18 1150 -652.8927331137187 1709.4012173931985
-9 18 1151 -796.1496091941315 1659.17835487502
-10 18 1152 -841.3124241045336 1707.6555725614749
-11 18 1153 -938.7890429840486 1657.8541220260147
-12 18 1154 -1033.765318338569 1638.3977774077919
-13 18 1155 -1083.3693091923412 1683.816689308077
-14 18 1156 -1188.917849627645 1661.3397047309306
-15 18 1157 -1296.2028574112226 1707.681661188969
-16 18 1158 -1372.3964282869422 1687.7551028402677
-17 18 1159 -1453.78689675737 1704.753577206194
-18 18 1160 -1595.286883517143 1708.8479088078614
-18 17 1161 -1590.781411714605 1603.020457546076
-18 16 1162 -1579.931100790488 1477.0794786095432
-18 15 1163 -1603.2523454913724 1439.4217687654732
-18 14 1164 -1556.1223684381785 1334.953338656656
-18 13 1165 -1565.979725809162 1233.0729407147744
-18 12 1166 -1544.3067817859708 1102.6408040411998
-18 11 1167 -1619.1050807670774 1069.2956479256356
-18 5 1168 -1565.5979378034594 465.43390064779203
-18 4 1169 -1547.1918391852073 396.5763446701854
-18 3 1170 -1616.857025780475 305.3122717757279
-18 2 1171 -1567.72627439435 259.56728696514426
-18 1 1172 -1539.8324764329318 111.31877939437379
-18 0 1173 -1560.1226307536097 86.03266498944144
-18 -1 1174 -1596.2126346227071 -37.74956832008726
-18 -2 1175 -1541.4672152684914 -139.43484306557542
-18 -3 1176 -1585.524625874782 -191.7317739192759
-18 -4 1177 -1588.5094777898369 -313.98435397720436
-18 -5 1178 -1568.6758206776594 -381.1196200849363
-18 -6 1179 -1617.2425405411434 -459.2559628331626
-18 -7 1180 -1600.0898817524976 -600.2119040700998
-18 -8 1181 -1574.8630309915739 -694.9469295911441
-18 -9 1182 -1614.179318203935 -797.1432329852942
-18 -10 1183 -1568.0808393655564 -874.9560677884481
-13 -18 1184 -1086.216665675093 -1566.361522849009
-12 -18 1185 -1077.0827610094152 -1567.8252371087199
-11 -18 1186 -938.0711898884072 -1605.3128533757329
-10 -18 1187 -867.7387225752437 -1563.4015000157578
-9 -18 1188 -774.49114610698 -1599.818775986681
-8 -18 1189 -713.2497301337746 -1551.4709395026753
-7 -18 1190 -575.85553377561 -1555.8086648708058
-6 -18 1191 -462.44545331585095 -1591.009999673043
-5 -18 1192 -406.99191173354507 -1576.2866902787068
-4 -18 1193 -317.6030764539081 -1558.084107781869
-3 -18 1194 -249.4604587034406 -1618.958769117691
-2 -18 1195 -140.5720219611152 -1608.8617259522603
-1 -18 1196 -47.20683862510972 -1531.7805722602454
0 -18 1197 61.9642297169297 -1613.0157562079435
1 -18 1198 176.065553016805 -1600.575468025158
2 -18 1199 198.8685531691016 -1570.5234529945676
3 -18 1200 339.8657625481838 -1595.2313876986495
4 -18 1201 427.1535715145787 -1566.2532231646737
5 -18 1202 538.408372656751 -1546.1760598170288
6 -18 1203 549.2146542332478 -1613.660358612566
7 -18 1204 650.2822120099182 -1536.2524554127504
8 -18 1205 749.8203085681129 -1590.9097408579735
9 -18 1206 871.5082485926675 -1579.158381429492
10 -18 1207 921.7331448387527 -1539.253103818836
11 -18 1208 1010.9421413036631 -1532.3606862453812
12 -18 1209 1087.4064215852954 -1555.4045159084005
13 -18 1210 1224.1464468453325 -1618.2930983650679
14 -18 1211 1303.731840131392 -1619.2849066533045
15 -18 1212 1421.9361434191085 -1541.159272784989
16 -18 1213 1501.3686490662349 -1612.5798017248514
17 -18 1214 1545.0760466902957 -1608.9342927034797
18 -18 1215 1698.3406501506067 -1563.362666314818
19 -18 1216 1773.4153515005523 -1550.460528275283
19 -17 1217 1756.4255582477588 -1479.0576720258339
19 -16 1218 1711.113625482554 -1408.7740214193589
19 -15 1219 1719.26160378422 -1332.974786622341
19 -14 1220 1739.544287779067 -1233.9753228980146
19 -13 1221 1763.0591227314135 -1158.5464850497697
19 -12 1222 1765.9556847474614 -1002.0739053734692
19 -11 1223 1744.330287594431 -940.2294347174155
19 -10 1224 1769.0265648983636 -890.2880171800182
19 0 1225 1712.1731845339634 27.642215365387198
19 1 1226 1728.2685469092928 178.5163955176497
19 2 1227 1733.879053518536 258.88752410023676
19 3 1228 1710.906109146716 272.9804381488547
19 4 1229 1717.9270626839782 403.2332779360142
19 5 1230 1719.6759496231987 470.8214708232035
11 19 1231 1009.4148193376245 1721.3605290953137
10 19 1232 986.2609386373128 1747.8692584143514
9 19 1233 857.576958609259 1771.1307426750802
8 19 1234 777.1774925537368 1724.0732469444592
7 19 1235 709.8053390317162 1781.0526683992073
6 19 1236 573.2833996820118 1775.0336970785731
5 19 1237 515.2665327160499 1784.5319699682188
4 19 1238 408.4093802966819 1755.0753698474473
3 19 1239 314.6262978985286 1772.0679012528185
2 19 1240 217.94067573973166 1790.2886013298635
1 19 1241 117.93162762248137 1726.3248549718348
0 19 1242 19.496094303001353 1787.5497704419765
-1 19 1243 -24.655141740400353 1797.8633262861247
-2 19 1244 -108.08606016690248 1721.4150501505383
-3 19 1245 -212.94789644876354 1730.5308436557948
-4 19 1246 -315.42481777135487 1739.7288727077935
-5 19 1247 -449.52496222394876 1730.210696213299
-6 19 1248 -497.06793203268273 1756.7669438885878
-7 19 1249 -588.7159032822773 1744.3860001496378
-8 19 1250 -658.489175849603 1744.7747454594407
-9 19 1251 -790.3571405863865 1752.798998701751
-10 19 1252 -867.3801003462765 1710.8659111501386
-11 19 1253 -985.3924973645054 1731.3701607423336
-12 19 1254 -1042.4792777962696 1736.4109415915564
-13 19 1255 -1152.3381425525213 1742.4889991713108
-14 19 1256 -1193.094313932533 1790.2751590792009
-15 19 1257 -1339.012273089096 1754.7982128750994
-16 19 1258 -1380.8214124978929 1725.5559275553899
-17 19 1259 -1512.7482070002707 1714.6650868206275
-18 19 1260 -1591.7544282954238 1771.8225517439275
-19 19 1261 -1624.565450188711 1749.6688184637615
-19 18 1262 -1642.6999571220756 1681.2784020350002
-19 17 1263 -1638.4666394822807 1531.6297038223336
-19 16 1264 -1638.5771086341479 1477.7432499636566
-19 15 1265 -1686.1591198522567 1352.9658998813288
-19 14 1266 -1650.2802182217285 1301.8948353133853
-19 13 1267 -1620.068299535327 1245.4857184300608
-19 12 1268 -1672.8198790432587 1134.8122288119198
-19 11 1269 -1643.5157572548774 995.1082045844996
-19 10 1270 -1677.3726919918115 958.7060696895327
-19 1 1271 -1660.810751216833 171.3865081437546
-19 0 1272 -1667.9196696270888 65.65122258071055
-19 -1 1273 -1623.2619068848285 -43.90015671262864
-19 -2 1274 -1651.6174178617543 -139.84716631735353
-19 -3 1275 -1699.9938224984598 -188.63252943913562
-19 -4 1276 -1667.0620437993186 -344.5139764625069
-19 -5 1277 -1663.29223268952 -373.87697372773056
-19 -6 1278 -1655.5650194940793 -455.31665742069436
-19 -7 1279 -1688.5923069359533 -551.2371964242465
-12 -19 1280 -997.2962220385059 -1705.9483582326532
-11 -19 1281 -960.1907954243919 -1632.871351456549
-10 -19 1282 -813.9922532808731 -1707.1548064689136
-9 -19 1283 -772.8066535240481 -1703.4132040130585
-8 -19 1284 -675.2796874260614 -1671.6993178382402
-7 -19 1285 -594.3218926853144 -1652.2319636686432
-6 -19 1286 -493.0281020931082 -1696.8700073105983
-5 -19 1287 -429.20902944126965 -1635.9232679017246
-4 -19 1288 -334.03533311348855 -1623.8665029660021
-3 -19 1289 -180.2637622142139 -1705.2783128307137
-2 -19 1290 -93.45458769788922 -1701.6810933032014
-1 -19 1291 -75.80264894326339 -1657.6979342017137
0 -19 1292 76.28787523177287 -1623.3236753897386
1 -19 1293 121.71194038503036 -1673.354772655743
2 -19 1294 214.5455172524498 -1660.8294268024667
3 -19 1295 328.38229963585195 -1692.3578438951604
4 -19 1296 409.42986101270446 -1638.6033405711519
5 -19 1297 519.2094938784841 -1635.007837994846
6 -19 1298 565.7261812164066 -1638.7084886177063
7 -19 1299 657.4271021290127 -1678.0029850753936
8 -19 1300 796.37749332956 -1666.695118162092
9 -19 1301 840.8610180581113 -1686.1642060571057
10 -19 1302 966.3493564039658 -1672.495435901914
11 -19 1303 1011.5546616527945 -1651.8948860487292
12 -19 1304 1080.4322314382628 -1667.7741508686238
13 -19 1305 1214.6742830178805 -1703.17448129595
14 -19 1306 1285.844723967142 -1678.9275622466962
15 -19 1307 1424.0469586014872 -1705.406733039613
16 -19 1308 1516.3701728145309 -1663.6642843082266
17 -19 1309 1574.5842908874806 -1662.9021671073983
18 -19 1310 1647.1907556705737 -1668.7783354487485
19 -19 1311 1716.307667348902 -1692.1711499081068
20 -19 1312 1838.5773222742914 -1697.3406482322184
20 -18 1313 1830.716375473659 -1581.5376232434912
20 -17 1314 1862.1499009431882 -1505.0877149014243
20 -16 1315 1817.8277121559365 -1359.8552710061804
20 -15 1316 1855.5429039595356 -1328.2763683919532
20 -14 1317 1861.3686675184135 -1191.3166943310287
20 -13 1318 1819.9907112294422 -1128.7014220664669
20 -12 1319 1810.3115987613817 -1013.4928358646272
20 -11 1320 1800.5934967598018 -925.9380803245675
20 -10 1321 1857.2217494786696 -891.8236877283704
20 -9 1322 1880.8297071883983 -802.1738666500032
10 20 1323 906.1044040362752 1807.1994733050399
9 20 1324 853.8832698878298 1854.8711223417195
8 20 1325 736.5223052240599 1888.9340887889828
7 20 1326 716.5933385723827 1808.8289846829239
6 20 1327 600.378864047841 1852.9412897620682
5 20 1328 524.3109884953474 1822.2718695025608
4 20 1329 397.28472997329516 1825.201056958568
3 20 1330 295.2117218689852 1873.8828794360647
2 20 1331 184.46515925849837 1801.710480116191
1 20 1332 118.49347506183793 1846.4123036933918
0 20 1333 1.5461413152218406 1842.8837897704589
-1 20 1334 -36.861458906377536 1856.5758626873846
-2 20 1335 -129.65610874129652 1821.9240511349612
-3 20 1336 -205.72027434789993 1820.2180863755111
-4 20 1337 -294.923286619267 1848.8184057990522
-5 20 1338 -447.71790079554194 1814.5929367042024
-6 20 1339 -493.05636664633704 1831.7748124155507
-7 20 1340 -602.2915770461583 1820.5610482068273
-8 20 1341 -682.8979022010022 1842.1467252498646
-9 20 1342 -740.0446323966254 1817.5127238394903
-10 20 1343 -886.2726025284616 1867.1831734125537
-11 20 1344 -911.4706254253757 1872.8981244353947
-12 20 1345 -997.9506012874376 1867.2952235665175
-13 20 1346 -1166.3249151788439 1856.3807848791541
-14 20 1347 -1238.9624603917407 1800.9458195233653
-15 20 1348 -1282.6240484163282 1805.827922328206
-16 20 1349 -1433.2570557399924 1840.7485175609404
-17 20 1350 -1493.3842528843559 1828.610732822769
-18 20 1351 -1559.79311888981 1868.9016121324355
-19 20 1352 -1641.778650724666 1847.0101687255576
-20 20 1353 -1736.338553553261 1809.6158613200184
-20 19 1354 -1794.5784914059006 1736.9193976188005
-20 18 1355 -1797.479394781739 1632.7208086915934
-20 17 1356 -1798.7375599372363 1557.0374326218848
-20 16 1357 -1796.3911373456854 1446.5252704501545
-20 15 1358 -1794.7118385100503 1359.4378100410588
-20 14 1359 -1734.6497424019572 1282.5693795938987
-20 13 1360 -1738.701749643519 1200.0919536042657
-20 12 1361 -1754.329526070474 1113.8945728531066
-20 11 1362 -1732.9193117667994 1005.8708578034441
-20 10 1363 -1780.3062865736115 966.5349766244518
-20 9 1364 -1783.670262931513 870.8415279844204
-10 -20 1365 -861.3453914703861 -1721.917962205972
-9 -20 1366 -748.3471387836953 -1773.0407655632366
-8 -20 1367 -674.2593445656374 -1714.5207815550975
-7 -20 1368 -615.3468591323202 -1744.9947672494022
-6 -20 1369 -514.7068233050139 -1711.8762143041333
-5 -20 1370 -374.7224312654978 -1789.5394584546452
-4 -20 1371 -292.44168783992274 -1771.7040926019217
-3 -20 1372 -266.873205234025 -1746.7813090730078
-2 -20 1373 -159.39103854766472 -1727.874631351663
-1 -20 1374 -36.60916761006933 -1778.4518364168305
0 -20 1375 38.130052662988795 -1733.303393940875
1 -20 1376 126.24508984678141 -1728.125344117167
2 -20 1377 233.64531131623505 -1746.2291958611172
3 -20 1378 325.7697108275338 -1781.7756144249684
4 -20 1379 390.4180280845867 -1775.3080071892557
5 -20 1380 531.1452532284228 -1741.951299456731
6 -20 1381 618.6899238305872 -1788.6336100850833
7 -20 1382 717.3405393526887 -1715.246206616623
8 -20 1383 770.9164169693677 -1722.4110303270443
9 -20 1384 868.5339975048377 -1775.0746700121872
10 -20 1385 941.2131507156939 -1786.5614999223885
11 -20 1386 1015.0976175128618 -1730.0336908594586
12 -20 1387 1107.3478597046874 -1797.0279223314167
13 -20 1388 1174.123108625407 -1722.3425156457624
14 -20 1389 1302.293251714294 -1777.9775605050831
15 -20 1390 1384.182667668639 -1710.996770339141
16 -20 1391 1487.6007251134197 -1791.463891742468
17 -20 1392 1617.2922226257117 -1780.3583189949807
18 -20 1393 1632.6613959793015 -1717.4123447491918
19 -20 1394 1744.8828611337528 -1796.9234323607711
20 -20 1395 1802.2900450901711 -1713.034772170586
21 -19 1396 1963.5352395530585 -1646.5981596355211
21 -18 1397 1911.5148247379268 -1614.8261827459578
21 -17 1398 1930.279133886176 -1456.4955552060585
21 -16 1399 1961.297326026098 -1416.1229520163733
21 -15 1400 1922.1774740658686 -1286.1300182345876
21 -14 1401 1901.0586454614445 -1188.071837435278
21 -13 1402 1945.3435913267883 -1110.1814528408054
21 -12 1403 1909.7477348939253 -1006.0588146473533
21 -11 1404 1897.381925384589 -962.4398141232656
21 -10 1405 1925.2326405928604 -836.8117968426228
21 -9 1406 1941.651234235092 -774.9834007219321
21 -8 1407 1891.2919393767859 -706.8243728385231
21 -7 1408 1969.0364046933457 -549.2079848683833
21 20 1409 1976.8115622773068 1849.4673892100755
21 21 1410 1900.8024563545996 1933.4555237332663
8 21 1411 772.1392209350496 1904.4686773860576
7 21 1412 677.1520872382202 1918.570439146545
6 21 1413 607.9716734136597 1941.0900857823829
5 21 1414 490.9077172350465 1961.1923126316628
4 21 1415 415.1259927517182 1914.68718210272
3 21 1416 297.7973824594701 1948.6171521525682
2 21 1417 268.04761454479444 1950.5895331913032
1 21 1418 125.13018035072906 1938.7892995814432
0 21 1419 55.37061601355115 1908.6230361161267
-1 21 1420 -5.232889830030814 1969.434516087173
-2 21 1421 -98.59121919666616 1946.1898954928529
-3 21 1422 -218.40142809227166 1949.9814443022246
-4 21 1423 -308.4661413932438 1920.6994112065522
-5 21 1424 -370.8235756540305 1910.3602764269142
-6 21 1425 -451.6116606469014 1895.975156790371
-7 21 1426 -624.844070322907 1923.14502508979
-8 21 1427 -692.3133077707855 1901.9613278413653
-9 21 1428 -746.9592140813317 1913.4842625386132
-10 21 1429 -889.2717809089665 1970.8108805033257
-11 21 1430 -967.8750788526964 1943.3062456825653
-12 21 1431 -1034.3237880951083 1905.2602618170208
-13 21 1432 -1105.512510463714 1962.387826756925
-14 21 1433 -1178.847633061404 1967.0803892238412
-15 21 1434 -1303.5769917983387 1949.0425987292165
-16 21 1435 -1426.2480695188194 1974.3407183632478
-17 21 1436 -1524.3524540529763 1905.759513947891
-18 21 1437 -1542.5064038484597 1918.8507213611597
-21 19 1438 -1867.6140934990726 1723.7681063605094
-21 18 1439 -1865.7035352081637 1677.4270220413302
-21 17 1440 -1832.7811218754105 1552.4925120464643
-21 16 1441 -1844.4375459319442 1478.7010103194718
-21 15 1442 -1830.8909589678158 1394.0154726919764
-21 14 1443 -1828.4472739589005 1284.6501963996016
-21 13 1444 -1833.8387291609513 1205.418181366759
-21 12 1445 -1842.010910171739 1095.8956305271588
-21 11 1446 -1806.9850562532708 1061.8899318383435
-21 10 1447 -1812.4204296451855 972.1668698428789
-21 9 1448 -1848.8997540294915 839.1465114880924
-21 8 1449 -1883.4369397904838 733.1530813233287
-21 7 1450 -1878.0702198094857 711.830040212609
-21 -20 1451 -1879.4124823253183 -1793.5731195616572
-21 -21 1452 -1870.3944345850732 -1830.4933979429495
-9 -21 1453 -726.081391738291 -1824.565934744547
-8 -21 1454 -652.7242314972195 -1829.9347783619794
-7 -21 1455 -574.3824006451654 -1811.100975398374
-6 -21 1456 -504.3790862127096 -1854.7835149773825
-5 -21 1457 -424.546833415244 -1808.412303711696
-4 -21 1458 -356.4853933178525 -1830.8889641007015
-3 -21 1459 -219.3875012095845 -1880.9907827191657
-2 -21 1460 -126.52207255747422 -1816.803021223943
-1 -21 1461 -43.0730257065381 -1871.9836079959787
0 -21 1462 50.96678473814217 -1862.9783454970056
1 -21 1463 133.70058562909028 -1836.0514667265031
2 -21 1464 210.22265762267205 -1840.1814048509077
3 -21 1465 356.8242075709809 -1810.4696110768011
4 -21 1466 442.0451790909881 -1866.1645280824077
5 -21 1467 455.4775246007646 -1885.1256555551417
6 -21 1468 549.1057839112083 -1865.4245800233077
7 -21 1469 717.4958198367823 -1860.6508229899484
8 -21 1470 773.7282548286802 -1854.6785738668075
9 -21 1471 839.8167250778215 -1878.4428832642
10 -21 1472 938.9311438717524 -1875.4267386654267
11 -21 1473 1003.3224356705826 -1816.7980363430406
12 -21 1474 1135.958703251252 -1814.651339687648
13 -21 1475 1175.8557654828267 -1833.7653979043291
14 -21 1476 1310.5210836161143 -1805.3147572020682
15 -21 1477 1393.2137912261896 -1829.6718363442576
16 -21 1478 1525.521205215209 -1859.8730833656841
17 -21 1479 1605.5107988953275 -1800.5362911383424
18 -21 1480 1676.7938839533313 -1832.9310281501666
22 -18 1481 1986.1293307977069 -1580.72786120037
22 -17 1482 2064.448867644724 -1515.544791605309
22 -16 1483 2002.5548857870601 -1438.2139423548983
22 -15 1484 2022.4868856636879 -1288.720301571396
22 -14 1485 2013.8061348684123 -1228.43206311311
22 -13 1486 2023.4078466133208 -1133.294261552625
22 -12 1487 2057.6653555507264 -1011.3534037025871
22 -11 1488 2061.9521773976253 -952.2823071328969
22 -10 1489 1988.6178469148247 -846.6072889108053
22 -9 1490 2058.5782952750646 -736.3052875310889
22 -8 1491 2063.0495948996668 -632.3422231632637
22 -7 1492 2055.6151993761014 -587.540698932167
22 -6 1493 2024.0620998540426 -484.3381358157449
22 18 1494 2054.8893106321448 1668.4174843530159
22 19 1495 2024.0497050581998 1712.5865911560552
22 20 1496 2045.9881637147707 1887.610856771877
22 21 1497 1984.6017085153185 1908.3293807378104
22 22 1498 2013.7404187078753 2015.7097783724575
21 22 1499 1914.9584117127654 1983.9654572003642
20 22 1500 1835.088974444101 2004.9822137275676
7 22 1501 664.2840271032898 1981.959786802518
6 22 1502 626.650426195989 1986.9092778854329
5 22 1503 470.98629788995794 1999.845863413729
4 22 1504 414.88352502804844 1980.8793128449263
3 22 1505 331.4416446484211 1993.4775517835365
2 22 1506 266.3882771442777 2025.2483314182064
1 22 1507 90.7321782128672 2034.0592118088475
0 22 1508 28.399384550947943 2000.0910613487595
-1 22 1509 -78.68946199631388 2029.5290494180924
-2 22 1510 -107.62710035390829 2066.849297522246
-3 22 1511 -204.63749181569824 2040.3035455439547
-4 22 1512 -279.0798842767827 2056.5133793985215
-5 22 1513 -410.58014889454586 2021.8665894072583
-6 22 1514 -455.385498790774 2049.4990239745075
-7 22 1515 -559.6808648384233 1984.4148345992833
-8 22 1516 -684.6495175474616 2026.1467868796472
-9 22 1517 -732.841040827267 1998.2180195431729
-10 22 1518 -869.4793054624909 2008.4999947177264
-11 22 1519 -963.9729059339353 2040.8627378375104
-12 22 1520 -1048.5712077817518 1999.8079885620705
-13 22 1521 -1087.049224454315 2039.1205093194365
-14 22 1522 -1219.9322554273338 1988.0550220517755
-15 22 1523 -1278.5453683338592 2007.2251768782576
-16 22 1524 -1374.4975787356132 2004.986803019211
-22 18 1525 -1907.4879887022223 1693.2041562879117
-22 17 1526 -1923.4600939601924 1606.7351592763648
-22 16 1527 -1950.2837358684342 1500.908343242077
-22 15 1528 -1902.7692752472558 1378.726476684329
-22 14 1529 -1893.2923757727597 1326.7807619923085
-22 13 1530 -1978.7715987389297 1233.2386393503227
-22 12 1531 -1936.7159740689863 1140.2622375503345
-22 11 1532 -1931.5121302952302 998.9420615740665
-22 10 1533 -1938.4556576917412 911.7733107869255
-22 9 1534 -1898.1769419251934 884.8628725472474
-22 8 1535 -1890.5578101497688 732.9590551251481
-22 7 1536 -1909.1913038256469 678.0999586732988
-22 6 1537 -1928.7889038720602 622.8483872901375
-22 -19 1538 -1975.5553213420746 -1691.1637411411314
-22 -20 1539 -1920.1183734343733 -1786.8664780628783
-22 -21 1540 -1979.1681052567124 -1828.2647035458936
-22 -22 1541 -1965.896474615814 -1944.163929942915
-21 -22 1542 -1877.0122711264714 -1901.9982148411327
-20 -22 1543 -1796.4848475389067 -1928.195427639405
-7 -22 1544 -587.7633461655947 -1977.833087147039
-6 -22 1545 -478.3574593477097 -1946.928676805428
-5 -22 1546 -439.3757413747077 -1957.4421417883352
-4 -22 1547 -323.98253269752337 -1951.6004059870093
-3 -22 1548 -239.83495944099084 -1925.875093825951
-2 -22 1549 -140.83626067623806 -1924.4195649966302
-1 -22 1550 -69.59720796280911 -1928.5995001269068
0 -22 1551 63.490070457733864 -1902.6787364182528
1 -22 1552 123.10580777428746 -1931.6278466758235
2 -22 1553 197.65501870312505 -1959.4978065275347
3 -22 1554 344.59873023697384 -1957.78868610754
4 -22 1555 393.60330904053154 -1922.6554408800434
5 -22 1556 457.0099459101286 -1973.0106464533205
6 -22 1557 584.2274618423768 -1956.9568667393069
7 -22 1558 641.4072931504614 -1940.3277971640744
8 -22 1559 789.8667195925086 -1935.22429951724
9 -22 1560 899.1638854445896 -1970.5549594863703
10 -22 1561 922.25563473 -1965.955378249065
11 -22 1562 1047.8275904403147 -1950.7594436099391
12 -22 1563 1136.4975513285367 -1964.5914345361637
13 -22 1564 1184.2617837986584 -1944.7707905694888
14 -22 1565 1295.1636593691856 -1940.171432403924
15 -22 1566 1410.8816711886282 -1924.0229452040812
16 -22 1567 1483.706145534531 -1959.9188450037402
17 -22 1568 1540.4295820252667 -1902.0134087797298
23 -17 1569 2151.862749178574 -1467.54220142493
23 -16 1570 2145.057567712895 -1381.4467708222232
23 -15 1571 2122.4477171730427 -1266.126265724638
23 -14 1572 2125.163853111149 -1232.4895320586525
23 -13 1573 2144.330142306661 -1169.8954023464748
23 -12 1574 2151.067174828515 -998.2496397028702
23 -11 1575 2072.181276782062 -959.9208880314677
23 -10 1576 2120.8797518874308 -826.6141764551447
23 -9 1577 2087.7100783547185 -733.4444511930761
23 -8 1578 2141.6449744497904 -713.3814698325068
23 -7 1579 2081.3966483001573 -554.9035190685587
23 -6 1580 2112.4962741858885 -474.4815577469572
23 -5 1581 2132.0531210829886 -386.76716135580193
23 -4 1582 2104.328314119435 -292.8954895974151
23 16 1583 2133.619631695772 1455.4940504039805
23 17 1584 2079.905829954826 1617.4762369862017
23 18 1585 2110.3073000691766 1632.0776870694956
23 19 1586 2105.5425935443573 1761.8881309606215
23 20 1587 2148.2255058782694 1802.7279894398566
23 21 1588 2143.030634873291 1929.3586298966595
23 22 1589 2133.865676388452 2010.1004594423205
23 23 1590 2158.7929633797503 2144.1336752396805
22 23 1591 1981.363032514504 2142.7630970180335
21 23 1592 1939.6874962337488 2076.8954964765494
20 23 1593 1803.8720932061835 2120.3050095547346
19 23 1594 1798.519349602144 2074.381725675389
5 23 1595 474.0478887577314 2072.527778385282
4 23 1596 391.1502610504767 2094.582964348117
3 23 1597 329.75596361333265 2088.217347286762
2 23 1598 240.19766646877883 2132.6474983730996
1 23 1599 177.3220829673043 2135.504948793414
0 23 1600 5.190699540463104 2078.892700572908
-1 23 1601 -84.0338580591972 2111.0298087257715
-2 23 1602 -100.46438599349628 2098.1980539707292
-3 23 1603 -261.49870529177974 2080.497538616896
-4 23 1604 -308.70718836770334 2088.9579507900226
-5 23 1605 -407.06711048824394 2079.208532354393
-6 23 1606 -487.20172528429674 2153.5828486913347
